global q_43_100 q_32_100 q_43_200 q_32_200
q_43_100 = [-8.9899
   -8.9318
   -8.8121
   -8.6019
   -8.2991
   -7.8872
   -7.3765
   -6.7614
   -6.0588
   -5.2686
   -4.4086
   -3.4794
   -2.4970
   -1.4614
   -0.3859
    0.7304
    1.8765
    3.0540
    4.2537
    5.4776
    6.7180
    7.9772
    9.2483
   10.5337
   11.8275
   13.1319
   14.4414
   15.7583
   17.0772
   18.4003
   19.7224
   21.0453
   22.3639
   23.6796
   24.9872
   26.2877
   27.5756
   28.8515
   30.1098
   31.3504
   32.5675
   33.7608
   34.9238
   36.0561
   37.1511
   38.2081
   39.2204
   40.1873
   41.1022
   41.9646
   42.7682
   43.5128
   44.1926
   44.8080
   45.3537
   45.8308
   46.2347
   46.5674
   46.8249
   47.0101
   47.1197
   47.1572
   47.1201
   47.0127
   46.8331
   46.5860
   46.2700
   45.8905
   45.4464
   44.9436
   44.3811
   43.7653
   43.0955
   42.3783
   41.6132
   40.8070
   39.9595
   39.0778
   38.1617
   37.2187
   36.2488
   35.2602
   34.2528
   33.2357
   32.2092
   31.1833
   30.1590
   29.1482
   28.1528
   27.1880
   26.2577
   25.3824
   24.5705
   23.8517
   23.2406
   22.7756
   22.4633
   22.3155
   22.2743
   22.2858];
q_32_100 = [-17.0196
  -17.1324
  -17.3642
  -17.7705
  -18.3544
  -19.1460
  -20.1241
  -21.2968
  -22.6292
  -24.1190
  -25.7291
  -27.4556
  -29.2653
  -31.1552
  -33.0975
  -35.0910
  -37.1122
  -39.1614
  -41.2188
  -43.2853
  -45.3439
  -47.3962
  -49.4272
  -51.4386
  -53.4171
  -55.3643
  -57.2683
  -59.1307
  -60.9403
  -62.6989
  -64.3958
  -66.0329
  -67.6002
  -69.0993
  -70.5209
  -71.8666
  -73.1276
  -74.3055
  -75.3921
  -76.3892
  -77.2891
  -78.0938
  -78.7962
  -79.3987
  -79.8949
  -80.2875
  -80.5710
  -80.7486
  -80.8154
  -80.7754
  -80.6243
  -80.3667
  -79.9992
  -79.5268
  -78.9470
  -78.2652
  -77.4794
  -76.5958
  -75.6128
  -74.5369
  -73.3669
  -72.1097
  -70.7645
  -69.3385
  -67.8309
  -66.2492
  -64.5929
  -62.8696
  -61.0789
  -59.2287
  -57.3185
  -55.3565
  -53.3424
  -51.2846
  -49.1827
  -47.0459
  -44.8736
  -42.6756
  -40.4516
  -38.2121
  -35.9569
  -33.6978
  -31.4348
  -29.1816
  -26.9387
  -24.7221
  -22.5336
  -20.3930
  -18.3041
  -16.2931
  -14.3683
  -12.5665
  -10.9050
   -9.4389
   -8.1982
   -7.2556
   -6.6250
   -6.3261
   -6.2435
   -6.2661];

q_43_200 = [-8.9987
   -8.9912
   -8.9753
   -8.9465
   -8.9031
   -8.8412
   -8.7597
   -8.6556
   -8.5284
   -8.3758
   -8.1982
   -7.9942
   -7.7647
   -7.5090
   -7.2287
   -6.9234
   -6.5951
   -6.2437
   -5.8714
   -5.4783
   -5.0666
   -4.6363
   -4.1895
   -3.7264
   -3.2489
   -2.7571
   -2.2528
   -1.7360
   -1.2084
   -0.6698
   -0.1218
    0.4357
    1.0014
    1.5754
    2.1565
    2.7449
    3.3394
    3.9403
    4.5464
    5.1582
    5.7746
    6.3958
    7.0210
    7.6504
    8.2833
    8.9199
    9.5593
   10.2020
   10.8471
   11.4949
   12.1448
   12.7969
   13.4507
   14.1064
   14.7633
   15.4216
   16.0809
   16.7412
   17.4020
   18.0634
   18.7250
   19.3868
   20.0483
   20.7097
   21.3703
   22.0303
   22.6890
   23.3467
   24.0027
   24.6571
   25.3093
   25.9593
   26.6066
   27.2511
   27.8921
   28.5298
   29.1635
   29.7930
   30.4178
   31.0378
   31.6523
   32.2612
   32.8637
   33.4600
   34.0490
   34.6308
   35.2046
   35.7703
   36.3270
   36.8747
   37.4126
   37.9406
   38.4578
   38.9641
   39.4588
   39.9416
   40.4119
   40.8696
   41.3137
   41.7443
   42.1606
   42.5626
   42.9495
   43.3212
   43.6771
   44.0172
   44.3407
   44.6479
   44.9379
   45.2110
   45.4665
   45.7045
   45.9245
   46.1268
   46.3107
   46.4766
   46.6239
   46.7530
   46.8635
   46.9556
   47.0291
   47.0842
   47.1208
   47.1391
   47.1390
   47.1209
   47.0845
   47.0304
   46.9584
   46.8690
   46.7620
   46.6381
   46.4970
   46.3394
   46.1652
   45.9751
   45.7688
   45.5472
   45.3101
   45.0582
   44.7915
   44.5107
   44.2157
   43.9073
   43.5854
   43.2509
   42.9036
   42.5444
   42.1733
   41.7910
   41.3976
   40.9939
   40.5799
   40.1563
   39.7233
   39.2818
   38.8316
   38.3737
   37.9081
   37.4358
   36.9568
   36.4720
   35.9814
   35.4862
   34.9862
   34.4826
   33.9754
   33.4658
   32.9538
   32.4406
   31.9262
   31.4121
   30.8983
   30.3862
   29.8761
   29.3694
   28.8665
   28.3691
   27.8775
   27.3939
   26.9187
   26.4544
   26.0016
   25.5634
   25.1407
   24.7370
   24.3539
   23.9956
   23.6639
   23.3637
   23.0968
   22.8680
   22.6777
   22.5289
   22.4185
   22.3456
   22.3024
   22.2840
   22.2792
   22.2806];

q_32_200 = [-17.0025
  -17.0171
  -17.0480
  -17.1039
  -17.1880
  -17.3079
  -17.4654
  -17.6667
  -17.9122
  -18.2063
  -18.5480
  -18.9402
  -19.3803
  -19.8698
  -20.4053
  -20.9872
  -21.6113
  -22.2774
  -22.9812
  -23.7220
  -24.4955
  -25.3010
  -26.1341
  -26.9944
  -27.8776
  -28.7834
  -29.7080
  -30.6509
  -31.6088
  -32.5814
  -33.5654
  -34.5608
  -35.5647
  -36.5770
  -37.5950
  -38.6188
  -39.6458
  -40.6762
  -41.7077
  -42.7404
  -43.7723
  -44.8033
  -45.8316
  -46.8574
  -47.8788
  -48.8960
  -49.9072
  -50.9126
  -51.9106
  -52.9014
  -53.8834
  -54.8568
  -55.8201
  -56.7735
  -57.7156
  -58.6466
  -59.5651
  -60.4712
  -61.3637
  -62.2427
  -63.1070
  -63.9567
  -64.7906
  -65.6089
  -66.4103
  -67.1950
  -67.9619
  -68.7112
  -69.4416
  -70.1534
  -70.8455
  -71.5180
  -72.1699
  -72.8013
  -73.4112
  -73.9998
  -74.5661
  -75.1102
  -75.6313
  -76.1294
  -76.6038
  -77.0545
  -77.4807
  -77.8826
  -78.2594
  -78.6113
  -78.9376
  -79.2384
  -79.5131
  -79.7619
  -79.9840
  -80.1800
  -80.3489
  -80.4913
  -80.6065
  -80.6950
  -80.7560
  -80.7900
  -80.7966
  -80.7762
  -80.7283
  -80.6534
  -80.5511
  -80.4219
  -80.2655
  -80.0824
  -79.8722
  -79.6357
  -79.3724
  -79.0831
  -78.7674
  -78.4262
  -78.0590
  -77.6668
  -77.2491
  -76.8069
  -76.3400
  -75.8490
  -75.3339
  -74.7955
  -74.2337
  -73.6492
  -73.0420
  -72.4129
  -71.7619
  -71.0898
  -70.3965
  -69.6829
  -68.9489
  -68.1955
  -67.4226
  -66.6312
  -65.8210
  -64.9932
  -64.1476
  -63.2853
  -62.4060
  -61.5109
  -60.5999
  -59.6739
  -58.7330
  -57.7780
  -56.8091
  -55.8271
  -54.8321
  -53.8251
  -52.8061
  -51.7761
  -50.7350
  -49.6841
  -48.6232
  -47.5535
  -46.4750
  -45.3888
  -44.2948
  -43.1944
  -42.0874
  -40.9752
  -39.8577
  -38.7364
  -37.6110
  -36.4831
  -35.3527
  -34.2213
  -33.0889
  -31.9571
  -30.8260
  -29.6973
  -28.5711
  -27.4493
  -26.3321
  -25.2215
  -24.1177
  -23.0232
  -21.9383
  -20.8655
  -19.8054
  -18.7611
  -17.7333
  -16.7255
  -15.7389
  -14.7777
  -13.8434
  -12.9415
  -12.0739
  -11.2473
  -10.4646
   -9.7339
   -9.0589
   -8.4489
   -7.9075
   -7.4437
   -7.0586
   -6.7575
   -6.5345
   -6.3871
   -6.3000
   -6.2628
   -6.2531
   -6.2560];
